0          0.160000  
1          0.160000  
2          0.160000  
3          0.160000  
4          0.160000  
5          0.160000  
6          0.160000  
7          0.160000  
8          0.160000  
9          0.160000  
10         0.160000  
11         0.160000  
12         0.160000  
13         0.160000  
14         0.160000  
15         0.160000  
16         0.160000  
17         0.160000  
18         0.160000  
19         0.160000  
20         0.160000  
21         0.160000  
22         0.160000  
23         0.160000  
24         0.160000  
25         0.160000  
26         0.160000  
27         0.160000  
28         0.160000  
29         0.160000  
30         0.160000  
31         0.160000  
32         0.160000  
33         0.160000  
34         0.160000  
35         0.160000  
36         0.160000  
37         0.160000  
38         0.160000  
39         0.160000  
40         0.160000  
41         0.160000  
42         0.160000  
43         0.160000  
44         0.160000  
45         0.160000  
46         0.160000  
47         0.160000  
48         0.160000  
49         0.160000  
50         0.160000  
51         0.160000  
52         0.160000  
53         0.160000  
54         0.160000
55         0.160000  
56         0.160000  
57         0.160000  
58         0.160000  
59         0.160000 
60         0.160000  
61         0.160000  
62         0.160000  
63         0.160000  
64         0.160000  
65         0.160000  
66         0.160000  
67         0.160000  
68         0.160000  
69         0.160000  
70         0.160000  
71         0.160000  
72         0.160000  
73         0.160000  
74         0.160000  
75         0.160000  
76         0.160000  
77         0.160000  
78         0.160000  
79         0.160000  
80         0.160000  
81         0.160000  
82         0.160000  
83         0.160000  
84         0.160000  
85         0.160000  
86         0.160000  
87         0.160000  
88         0.160000  
89         0.160000  
