0          0.161774  
1          0.177490  
2          0.214764  
3          0.171877  
4          0.184863  
5          0.192089  
6          0.200228  
7          0.173352  
8          0.159127  
9          0.186386  
10         0.169148  
11         0.179700  
12         0.177705  
13         0.184538  
14         0.185133  
15         0.180410  
16         0.186109  
17         0.183233  
18         0.184575  
19         0.189982  
20         0.186007  
21         0.173008  
22         0.178804  
23         0.177725  
24         0.170364  
25         0.181876  
26         0.182352  
27         0.180652  
28         0.185459  
29         0.178738  
30         0.155746  
31         0.179387  
32         0.183447  
33         0.200229  
34         0.178497  
35         0.161298  
36         0.176514  
37         0.175489  
38         0.179687  
39         0.176174  
40         0.179346  
41         0.172409  
42         0.176231  
43         0.174981  
44         0.179021  
45         0.180047  
46         0.184566  
47         0.181189  
48         0.170575  
49         0.170532  
50         0.170281  
51         0.165066  
52         0.171367  
53         0.183586  
54         0.177369  
55         0.175513  
56         0.173196  
57         0.174210  
58         0.175278  
59         0.172523  
60         0.180543  
61         0.177932  
62         0.173442  
63         0.173919  
64         0.171886  
65         0.180490  
66         0.178181  
67         0.175816  
68         0.167693  
69         0.162915  
70         0.185315  
71         0.187533  
72         0.185230  
73         0.179417  
74         0.169860  
75         0.166034  
76         0.150659  
77         0.202048  
78         0.258134  
79         0.194019  
80         0.161549  
81         0.165831  
82         0.166142  
83         0.161688  
84         0.163536  
85         0.160228  
86         0.311147  
87         0.160000  
88         0.096732  
89         0.160000  
