0          -0.243937  1.773132   -0.277559  4.396033  
1          -0.300542  1.615582   -0.357111  4.020788  
2          -0.516108  1.300936   -0.551880  3.806757  
3          -0.286843  0.274609   -0.373933  3.618256  
4          -0.387751  0.887591   -0.432889  2.587040  
5          -0.447320  1.163772   -0.483552  3.088199  
6          -0.441246  2.563211   -0.435400  4.008777  
7          -0.228859  2.430730   -0.371002  6.604869  
8          -0.351084  4.880898   -0.272649  4.818463  
9          -0.460916  5.638539   -0.397535  4.576576  
10         -0.459186  5.606606   -0.356612  3.300827  
11         -0.416198  3.285210   -0.375329  4.195916  
12         -0.415517  2.945225   -0.388409  3.257662  
13         -0.414663  2.262979   -0.409377  3.629668  
14         -0.399549  2.504528   -0.399172  3.339261  
15         -0.383667  2.215966   -0.375992  3.179944  
16         -0.417681  2.347379   -0.396876  2.932506  
17         -0.408620  1.857135   -0.396719  3.195746  
18         -0.378045  2.146001   -0.371561  2.546066  
19         -0.455288  2.013382   -0.436072  2.784679  
20         -0.413877  1.690975   -0.430485  3.297725  
21         -0.361180  2.367975   -0.340615  3.319816  
22         -0.351840  1.991146   -0.374080  3.844427  
23         -0.397377  2.689829   -0.376315  2.950200  
24         -0.381426  2.151671   -0.356244  3.050098  
25         -0.420785  2.302501   -0.431052  2.956058  
26         -0.406793  2.258146   -0.408019  3.438279  
27         -0.400812  2.444035   -0.397215  4.098042  
28         -0.384582  2.806092   -0.399066  4.461299  
29         -0.393041  3.004918   -0.393707  4.528371  
30         -0.450269  7.128748   -0.139000  0.180065  
31         -0.371029  3.291317   -0.339995  4.822266  
32         -0.422555  4.578655   -0.349069  4.283094  
33         -0.463679  5.260687   -0.388503  4.890030  
34         -0.381223  5.834636   -0.314112  5.619260  
35         -0.345493  5.971627   -0.294564  6.392700  
36         -0.405995  6.333098   -0.343512  6.443628  
37         -0.409485  6.020105   -0.354792  6.648313  
38         -0.408933  6.122662   -0.354979  6.487880  
39         -0.402591  5.418262   -0.360032  7.361722  
40         -0.380346  6.413428   -0.341991  6.407575  
41         -0.355801  6.325688   -0.294332  6.374210  
42         -0.406912  5.881326   -0.332617  6.506136  
43         -0.395751  5.880921   -0.317128  6.020271  
44         -0.387673  5.725663   -0.327293  5.596839  
45         -0.410825  5.351393   -0.355703  5.704678  
46         -0.424543  4.995798   -0.378922  5.815419  
47         -0.387833  4.706652   -0.373609  6.365459  
48         -0.363216  4.814757   -0.379984  6.746928  
49         -0.363970  5.146050   -0.358496  7.010829  
50         -0.385092  5.472957   -0.358136  7.379457  
51         -0.346844  5.794046   -0.335161  7.217053  
52         -0.358686  5.214403   -0.354399  7.520886  
53         -0.435411  5.368077   -0.413969  7.224689  
54         -0.399354  5.514364   -0.387033  6.981020  
55         -0.383812  5.672723   -0.362972  6.966594  
56         -0.380181  5.955727   -0.366492  7.206439  
57         -0.351224  5.694211   -0.356191  7.811715  
58         -0.373751  6.219515   -0.364783  7.673826  
59         -0.385891  6.149813   -0.395838  8.184292  
60         -0.405894  6.501989   -0.379797  8.316613  
61         -0.352009  6.508227   -0.372451  8.808122  
62         -0.345586  6.749232   -0.368092  8.637396  
63         -0.350808  6.345332   -0.360037  8.944713  
64         -0.356405  6.767035   -0.329239  7.881539  
65         -0.385100  6.195186   -0.369565  7.670344  
66         -0.427311  6.196125   -0.381332  6.898764  
67         -0.414201  5.603815   -0.370413  6.825296  
68         -0.329837  5.186479   -0.292680  6.400659  
69         -0.325386  4.236595   -0.312456  5.990052  
70         -0.438130  3.480939   -0.408493  4.785771  
71         -0.457357  2.417231   -0.432174  4.217324  
72         -0.406282  1.963502   -0.422368  4.160305  
73         -0.385099  2.617357   -0.388864  4.179542  
74         -0.346501  3.552367   -0.340091  4.155937  
75         -0.315335  3.484005   -0.300451  4.735232  
76         -0.313365  3.669387   -0.268081  4.049025  
77         -0.565758  2.178814   -0.534681  2.527024  
78         -0.781481  -0.489929  -0.768644  -0.603893 
79         -0.445820  -5.353597  -0.468265  -4.141800 
80         -0.354123  -5.293249  -0.369845  -4.356981 
81         -0.355964  -4.709653  -0.333314  -4.447248 
82         -0.379874  -4.144786  -0.360685  -4.775924 
83         -0.428787  -3.670488  -0.378195  -4.179462 
84         -0.347520  -3.830601  -0.364672  -2.804439 
85         0.052293   -5.989197  0.187908   -8.864956 
86         -1.125510  1.454145   -0.612867  -4.252069 
87         8.276983   -155.640012 -3.179317  37.403550 
88         0.000000   -12.107495 0.000000   -10.759089
89         0.000000   0.000000   0.000000   0.000000  
